gk_02.png
size:2000,1736
filter:Linear,Linear
pma:true
01
bounds:819,6,391,350
02
bounds:1190,437,294,506
rotate:90
03
bounds:1212,141,294,506
rotate:90
04
bounds:1792,1062,205,289
05
bounds:745,770,31,67
06
bounds:1720,175,235,279
07
bounds:2,2,38,105
rotate:90
08
bounds:786,1353,1089,381
09
bounds:2,839,782,895
10
bounds:745,358,443,373
11
bounds:1469,750,327,225
12
bounds:1698,456,292,251
rotate:90
13
bounds:1798,856,149,204
offsets:54,54,259,313
14
bounds:786,733,681,242
15
bounds:2,42,815,303
tx
bounds:2,347,741,490
yingzi
bounds:786,977,374,1004
offsets:0,0,374,1117
rotate:90
